1 112 381
2 190 330
3 292 328
4 138 420
5 184 402
6 296 497
7 487 472
8 590 346
9 632 189
10 635 369
11 786 509
12 389 586
13 498 586
14 659 586
15 732 589
16 776 587
17 863 842
18 147 364
19 246 364
20 295 363
21 361 365
22 389 493
23 491 529
24 658 542
25 777 542
26 857 538
27 861 804
28 112 381
29 190 330
30 292 328
31 138 420
32 184 402
33 296 497
34 487 472
35 590 346
36 632 189
37 635 369
38 786 509
39 389 586
40 498 586
41 659 586
42 732 589
43 776 587
44 863 842
45 147 364
46 246 364
47 295 363
48 361 365
49 389 493
50 491 529
51 658 542
52 777 542
53 857 538
54 861 804
55 112 381
56 190 330
57 292 328
58 138 420
59 184 402
60 296 497
61 487 472
62 590 346
63 632 189
64 635 369
65 786 509
66 389 586
67 498 586
68 659 586
69 732 589
70 776 587
71 863 842
72 147 364
73 246 364
74 295 363
75 361 365
76 389 493
77 491 529
78 658 542
79 777 542
80 857 538
81 861 804
82 112 381
83 190 330
84 292 328
85 138 420
86 184 402
87 296 497
88 487 472
89 590 346
90 632 189
91 635 369
92 786 509
93 389 586
94 498 586
95 659 586
96 732 589
97 776 587
98 863 842
99 147 364
100 246 364
101 295 363
102 361 365
103 389 493
104 491 529
105 658 542
106 777 542
107 857 538
108 861 804
109 112 381
110 190 330
111 292 328
112 138 420
113 184 402
114 296 497
115 487 472
116 590 346
117 632 189
118 635 369
119 786 509
120 389 586
121 498 586
122 659 586
123 732 589
124 776 587
125 863 842
126 147 364
127 246 364
128 295 363
129 361 365
130 389 493
131 491 529
132 658 542
133 777 542
134 857 538
135 861 804
136 112 381
137 190 330
138 292 328
139 138 420
140 184 402
141 296 497
142 487 472
143 590 346
144 632 189
145 635 369
146 786 509
147 389 586
148 498 586
149 659 586
150 732 589
151 776 587
152 863 842
153 147 364
154 246 364
155 295 363
156 361 365
157 389 493
158 491 529
159 658 542
160 777 542
161 857 538
162 861 804
