1 18 1
2 1 18
3 18 2
4 2 18
5 5 18
6 18 5
7 4 18
8 18 4
9 19 18
10 18 19
11 19 20
12 20 19
13 20 21
14 21 20
15 21 22
16 22 21
17 22 23
18 23 22
19 23 24
20 24 23
21 24 25
22 25 24
23 25 26
24 26 25
25 26 27
26 27 26
27 20 3
28 3 20
29 22 6
30 6 22
31 22 12
32 12 22
33 23 7
34 7 23
35 23 13
36 13 23
37 24 14
38 14 24
39 25 16
40 16 25
41 25 11
42 11 25
43 9 8
44 8 9
45 8 10
46 10 8
47 10 24
48 24 10
49 26 17
50 17 26
51 45 28
52 28 45
53 28 45
54 45 28
55 45 29
56 29 45
57 29 45
58 45 29
59 32 45
60 45 32
61 45 32
62 32 45
63 31 45
64 45 31
65 45 31
66 31 45
67 46 45
68 45 46
69 45 46
70 46 45
71 46 47
72 47 46
73 47 46
74 46 47
75 47 48
76 48 47
77 48 47
78 47 48
79 48 49
80 49 48
81 49 48
82 48 49
83 49 50
84 50 49
85 50 49
86 49 50
87 50 51
88 51 50
89 51 50
90 50 51
91 51 52
92 52 51
93 52 51
94 51 52
95 52 53
96 53 52
97 53 52
98 52 53
99 53 54
100 54 53
101 54 53
102 53 54
103 47 30
104 30 47
105 30 47
106 47 30
107 49 33
108 33 49
109 33 49
110 49 33
111 49 39
112 39 49
113 39 49
114 49 39
115 50 34
116 34 50
117 34 50
118 50 34
119 50 40
120 40 50
121 40 50
122 50 40
123 51 41
124 41 51
125 41 51
126 51 41
127 52 43
128 43 52
129 43 52
130 52 43
131 52 38
132 38 52
133 38 52
134 52 38
135 36 35
136 35 36
137 35 36
138 36 35
139 35 37
140 37 35
141 37 35
142 35 37
143 37 51
144 51 37
145 51 37
146 37 51
147 53 44
148 44 53
149 44 53
150 53 44
