1 18 1
2 1 18
3 18 2
4 2 18
5 5 18
6 18 5
7 4 18
8 18 4
9 19 18
10 18 19
11 19 20
12 20 19
13 20 21
14 21 20
15 21 22
16 22 21
17 22 23
18 23 22
19 23 24
20 24 23
21 24 25
22 25 24
23 25 26
24 26 25
25 26 27
26 27 26
27 20 3
28 3 20
29 22 6
30 6 22
31 22 12
32 12 22
33 23 7
34 7 23
35 23 13
36 13 23
37 24 14
38 14 24
39 25 16
40 16 25
41 25 11
42 11 25
43 9 8
44 8 9
45 8 10
46 10 8
47 10 24
48 24 10
49 26 17
50 17 26
51 45 28
52 28 45
53 28 45
54 45 28
55 45 29
56 29 45
57 29 45
58 45 29
59 32 45
60 45 32
61 45 32
62 32 45
63 31 45
64 45 31
65 45 31
66 31 45
67 46 45
68 45 46
69 45 46
70 46 45
71 46 47
72 47 46
73 47 46
74 46 47
75 47 48
76 48 47
77 48 47
78 47 48
79 48 49
80 49 48
81 49 48
82 48 49
83 49 50
84 50 49
85 50 49
86 49 50
87 50 51
88 51 50
89 51 50
90 50 51
91 51 52
92 52 51
93 52 51
94 51 52
95 52 53
96 53 52
97 53 52
98 52 53
99 53 54
100 54 53
101 54 53
102 53 54
103 47 30
104 30 47
105 30 47
106 47 30
107 49 33
108 33 49
109 33 49
110 49 33
111 49 39
112 39 49
113 39 49
114 49 39
115 50 34
116 34 50
117 34 50
118 50 34
119 50 40
120 40 50
121 40 50
122 50 40
123 51 41
124 41 51
125 41 51
126 51 41
127 52 43
128 43 52
129 43 52
130 52 43
131 52 38
132 38 52
133 38 52
134 52 38
135 36 35
136 35 36
137 35 36
138 36 35
139 35 37
140 37 35
141 37 35
142 35 37
143 37 51
144 51 37
145 51 37
146 37 51
147 53 44
148 44 53
149 44 53
150 53 44
1 18 1
2 1 18
3 1 18
4 18 1
5 18 2
6 2 18
7 2 18
8 18 2
9 5 18
10 18 5
11 18 5
12 5 18
13 4 18
14 18 4
15 18 4
16 4 18
17 19 18
18 18 19
19 18 19
20 19 18
21 19 20
22 20 19
23 20 19
24 19 20
25 20 21
26 21 20
27 21 20
28 20 21
29 21 22
30 22 21
31 22 21
32 21 22
33 22 23
34 23 22
35 23 22
36 22 23
37 23 24
38 24 23
39 24 23
40 23 24
41 24 25
42 25 24
43 25 24
44 24 25
45 25 26
46 26 25
47 26 25
48 25 26
49 26 27
50 27 26
51 27 26
52 26 27
53 20 3
54 3 20
55 3 20
56 20 3
57 22 6
58 6 22
59 6 22
60 22 6
61 22 12
62 12 22
63 12 22
64 22 12
65 23 7
66 7 23
67 7 23
68 23 7
69 23 13
70 13 23
71 13 23
72 23 13
73 24 14
74 14 24
75 14 24
76 24 14
77 25 16
78 16 25
79 16 25
80 25 16
81 25 11
82 11 25
83 11 25
84 25 11
85 9 8
86 8 9
87 8 9
88 9 8
89 8 10
90 10 8
91 10 8
92 8 10
93 10 24
94 24 10
95 24 10
96 10 24
97 26 17
98 17 26
99 17 26
100 26 17
101 18 1
102 1 18
103 1 18
104 18 1
105 1 18
106 18 1
107 18 1
108 1 18
109 18 2
110 2 18
111 2 18
112 18 2
113 2 18
114 18 2
115 18 2
116 2 18
117 5 18
118 18 5
119 18 5
120 5 18
121 18 5
122 5 18
123 5 18
124 18 5
125 4 18
126 18 4
127 18 4
128 4 18
129 18 4
130 4 18
131 4 18
132 18 4
133 19 18
134 18 19
135 18 19
136 19 18
137 18 19
138 19 18
139 19 18
140 18 19
141 19 20
142 20 19
143 20 19
144 19 20
145 20 19
146 19 20
147 19 20
148 20 19
149 20 21
150 21 20
151 21 20
152 20 21
153 21 20
154 20 21
155 20 21
156 21 20
157 21 22
158 22 21
159 22 21
160 21 22
161 22 21
162 21 22
163 21 22
164 22 21
165 22 23
166 23 22
167 23 22
168 22 23
169 23 22
170 22 23
171 22 23
172 23 22
173 23 24
174 24 23
175 24 23
176 23 24
177 24 23
178 23 24
179 23 24
180 24 23
181 24 25
182 25 24
183 25 24
184 24 25
185 25 24
186 24 25
187 24 25
188 25 24
189 25 26
190 26 25
191 26 25
192 25 26
193 26 25
194 25 26
195 25 26
196 26 25
197 26 27
198 27 26
199 27 26
200 26 27
201 27 26
202 26 27
203 26 27
204 27 26
205 20 3
206 3 20
207 3 20
208 20 3
209 3 20
210 20 3
211 20 3
212 3 20
213 22 6
214 6 22
215 6 22
216 22 6
217 6 22
218 22 6
219 22 6
220 6 22
221 22 12
222 12 22
223 12 22
224 22 12
225 12 22
226 22 12
227 22 12
228 12 22
229 23 7
230 7 23
231 7 23
232 23 7
233 7 23
234 23 7
235 23 7
236 7 23
237 23 13
238 13 23
239 13 23
240 23 13
241 13 23
242 23 13
243 23 13
244 13 23
245 24 14
246 14 24
247 14 24
248 24 14
249 14 24
250 24 14
251 24 14
252 14 24
253 25 16
254 16 25
255 16 25
256 25 16
257 16 25
258 25 16
259 25 16
260 16 25
261 25 11
262 11 25
263 11 25
264 25 11
265 11 25
266 25 11
267 25 11
268 11 25
269 9 8
270 8 9
271 8 9
272 9 8
273 8 9
274 9 8
275 9 8
276 8 9
277 8 10
278 10 8
279 10 8
280 8 10
281 10 8
282 8 10
283 8 10
284 10 8
285 10 24
286 24 10
287 24 10
288 10 24
289 24 10
290 10 24
291 10 24
292 24 10
293 26 17
294 17 26
295 17 26
296 26 17
297 17 26
298 26 17
299 26 17
300 17 26
